       1.01607       0.950075        29.0296        29.0273
       1.03342       0.944684        29.2182        29.2121
       1.05163       0.939697        29.4056         29.394
       1.06985       0.935251        29.5853        29.5678
       1.08786       0.930701         29.761        29.7375
       1.10597       0.926811        29.9382        29.9083
       1.12439       0.924165        30.1191        30.0821
       1.14372       0.921936        30.3108        30.2658
       1.16388       0.918533        30.5129        30.4594
       1.18429       0.913977        30.7203        30.6582
       1.20444       0.908494        30.9274        30.8574
       1.22439        0.90241        31.1344         31.057
       1.24418        0.89621        31.3408        32.7349
       1.26388       0.889957         31.547        32.8736
       1.28352       0.884267        31.7531          33.02
       1.30316        0.87994        31.9579        33.1673
       1.32296       0.876413        32.1605         33.315
       1.34321       0.873122        32.3623        33.4636
       1.36393       0.869685        32.5638        33.6121
        1.3851       0.865815        32.7658         33.763
       1.40658       0.861833        32.9679        33.9171
       1.42837       0.858472          33.17         34.075
       1.45061       0.855409        33.3724        34.2366
       1.47337       0.852099        34.4567        34.4029
       1.49653       0.848434         34.642        34.5743
       1.51964        0.84437        34.8297        34.7487
       1.54281       0.839821        35.0208        34.9274
       1.56607       0.835023        35.2159        35.1116
       1.58964        0.83066        35.4167        35.3033
       1.61357       0.826621        35.6235        36.9181
       1.63724        0.82293        35.8306        37.0565
       1.66071       0.819976        36.0373        37.2029
       1.68408       0.817184        36.2419        37.3497
       1.70781        0.81429        36.4457        37.4978
       1.73209       0.811131        36.6489        37.6469
       1.75673       0.807636        36.8509        37.7948
       1.78153       0.803849        37.0508        37.9432
       1.80668       0.800359        37.2507        38.0945
        1.8323       0.797231        37.4504        38.2486
        1.8577       0.794318        38.4533        38.4022
       1.88311       0.791495        38.6232        38.5576
       1.90903       0.788907        38.7997        38.7195
       1.93546       0.786079         38.984        38.8893
       1.96214       0.782875        39.1748        39.0666
       1.98893       0.779491        39.3714        39.2509
       2.01612       0.776266        39.5752        39.4439
       2.04337       0.773343        39.7826        41.0177
       2.07031       0.770402        39.9894        41.1553
       2.09714       0.767363        40.1953        41.3006
       2.12408       0.764239        40.3995        41.4467
       2.15153       0.760954         40.603        41.5942
       2.17944       0.757417        40.8047        41.7419
        2.2073       0.753796        41.0027         41.887
       2.23495       0.750573        41.1971        42.0314
       2.26276        0.74792        41.3906        42.1779
       2.29097       0.746083        41.5843        42.3273
       2.31974       0.744547        42.5455         42.481
       2.34908       0.742827        42.7176        42.6398
       2.37883       0.740694        42.8956        42.8044
       2.40878       0.738093        43.0792         42.975
       2.43872       0.735139        43.2677        43.1511
       2.46918         0.7323        43.4638        43.3359
       2.49913       0.729527        43.6599        43.5224
       2.52857       0.726748         43.855        45.0459
       2.55796       0.723951        44.0513        45.1767
       2.58755       0.721091        44.2494        45.3165
        2.6175       0.718093        44.4497        45.4633
       2.64806       0.715159        44.6528        45.6119
       2.67832       0.712373        44.8517        45.7566
       2.70888       0.709959        45.0498        45.9017
        2.7399       0.708007        45.2484        46.0498
       2.77128        0.70631        45.4466        46.2011
       2.80347       0.704688        45.6458        46.3564
       2.83622       0.702916        46.5782        46.5148
       2.86918       0.700815        46.7467        46.6756
       2.90173       0.698379        46.9158        46.8372
       2.93352       0.695716         47.085        46.9989
       2.96474        0.69318        47.2555        47.1628
       2.99577       0.690848        47.4288        47.3303
       3.02755       0.688679        47.6103        47.5064
       3.06005       0.686612        47.7995        47.6907
       3.09342       0.684656         47.997        49.2331
        3.1276       0.682659        48.2019        49.3714
       3.16184       0.680489        48.4088        49.5176
       3.19582       0.678148        48.6155        49.6638
       3.22959       0.675786        48.8207        49.8096
       3.26342       0.673548        49.0238        49.9553
        3.2976       0.671462         49.225         50.101
       3.33235       0.669444        49.4252        50.2489
       3.36704       0.667489        49.6204        50.3968
       3.40163       0.665545        49.8106        50.5436
       3.43622       0.663484        50.6983        50.6908
       3.47107       0.661351        50.8577        50.8411
       3.50607       0.659371        51.0217        50.9957
       3.54138       0.657573        51.1918        51.1566
       3.57709       0.655979        51.3687        51.3246
       3.61357       0.654546        51.5544        51.5013
       3.65082       0.653072        51.7487        51.6869
       3.68857       0.651368        51.9499        53.1314
       3.72658       0.649375        52.1556         53.269
       3.76423       0.647145        52.3618        53.4155
       3.80112       0.644866        52.5654        53.5658
       3.83745       0.642656        52.7668        53.7183
       3.87362       0.640505        52.9657        53.8685
       3.90995       0.638432         53.161        54.0159
       3.94719       0.636504        53.3576        54.1637
        3.9851        0.63478        53.5542        54.3128
       4.02276       0.633209        53.7461        54.4599
        4.0601       0.631643        53.9336        54.6057
       4.09796       0.630063        54.8169         54.755
       4.13633        0.62851        54.9794        54.9093
       4.17551       0.627023        55.1495        55.0708
       4.21551       0.625622        55.3278        55.2401
       4.25546       0.624205        55.5103         55.414
       4.29474       0.622694        55.6939        55.5896
       4.33367       0.621035        55.8796        55.7682
        4.3725       0.619197        56.0683        55.9506
       4.41133       0.617205          56.26        57.4588
       4.45087       0.615227        56.4578        57.5913
       4.49087       0.613437        56.6597         57.733
       4.53148       0.611749         56.866        57.8785
       4.57199       0.610186        57.0704        58.0243
       4.61296        0.60873        57.2728        58.1713
       4.65449       0.607287        57.4744        58.3183
       4.69597        0.60578        57.6727        58.4647
        4.7376       0.604179        57.8684        58.6113
       4.77959       0.602533        58.0629        58.7598
       4.82128       0.600928        58.9368        58.9091
       4.86224       0.599426        59.0963        59.0586
       4.90291       0.598002        59.2579          59.21
       4.94367       0.596636        59.4233        59.3651
       4.98541        0.59525        59.5963        59.5279
       5.02811       0.593834        59.7776        59.6991
       5.07056       0.592408        59.9621        59.8742
       5.11347        0.59094         60.153        60.0566
       5.15694       0.589503        60.3504        61.5162
       5.20133       0.588128         60.555        61.6533
       5.24577       0.586827         60.762        61.7994
       5.28985       0.585507        60.9684        61.9505
       5.33383       0.584096        61.1735        62.1008
       5.37806       0.582555        61.3765         62.249
        5.4223       0.580919        61.5752        62.3943
       5.46617       0.579239        61.7688        62.5378
       5.50985       0.577582        61.9581        62.6801
       5.55429       0.576026        62.1478        62.8252
       5.59934       0.574641             63        62.9739
       5.64485       0.573398         63.161        63.1265
       5.69102       0.572271        63.3274        63.2844
       5.73709       0.571223        63.4969        63.4456
       5.78286       0.570135        63.6695        63.6102
       5.82913       0.568944        63.8488        63.7818
       5.87592       0.567681        64.0352        63.9611
       5.92337       0.566364        64.2291        64.1486
       5.96954       0.565112        64.4215        65.6117
        6.0151       0.563868         64.614        65.7411
       6.06051       0.562588        64.8076        65.8778
       6.10622       0.561236        65.0035         66.021
       6.15301       0.559777        65.2044        66.1671
       6.20036        0.55825        65.4058        66.3125
       6.24801       0.556752        65.6043        66.4565
       6.29617        0.55539         65.802         66.602
       6.34495       0.554132        65.9991        66.7494
       6.39434       0.552975        66.1958        66.8995
       6.44429       0.551918        66.3921        67.0531
       6.49444       0.550878        67.2012        67.2098
       6.54423        0.54979        67.3668        67.3683
       6.59362       0.548635        67.5345        67.5291
       6.64276       0.547404        67.7058        67.6934
       6.69133       0.546157          67.88        67.8607
       6.73964       0.544936        68.0582        68.0324
       6.78878        0.54373        68.2439         68.212
       6.83867       0.542595        68.4362        69.6622
       6.88949       0.541495        68.6349        69.7958
       6.94092       0.540412        68.8383        69.9397
       6.99194       0.539302        69.0416        70.0885
       7.04342       0.538117        69.2478        70.2386
       7.09474       0.536909        69.4523        70.3878
       7.14653       0.535696        69.6549        70.5368
       7.19862       0.534525        69.8557        70.6844
        7.2502       0.533398        70.0513        70.8302
       7.30112       0.532294        70.2413        70.9737
       7.35194       0.531189        70.4281        71.1172
       7.40296       0.530054        71.2671        71.2623
       7.45474        0.52886        71.4245        71.4114
       7.50684       0.527651         71.586        71.5639
       7.55923       0.526534        71.7526         71.721
       7.61219       0.525505        71.9262        71.8846
       7.66602       0.524538        72.1081        72.0563
       7.72082       0.523651        72.2984        72.2366
       7.77571       0.522798        72.4936        72.4225
       7.83031       0.521901        72.6914        73.8642
       7.88536       0.520894        72.8937        73.9983
       7.94036       0.519805         73.098        74.1409
       7.99418       0.518667        73.2994        74.2865
       8.04745       0.517527        73.4984        74.4313
       8.10056       0.516394        73.6947        74.5756
       8.15485       0.515237        73.8918        74.7219
       8.21005       0.514102        74.0891        74.8685
       8.26622       0.512984        74.2863        75.0165
       8.32184       0.511928        74.4782        75.1626
       8.37776       0.510889        74.6687        75.3101
       8.43413       0.509882        75.4714        75.4601
       8.49107       0.508925        75.6356        75.6136
       8.54893       0.507993        75.8062        75.7726
       8.60724       0.507101        75.9829        75.9364
       8.66418        0.50624        76.1603        76.1002
       8.72026       0.505377        76.3393        76.2654
       8.77607       0.504475        76.5215        76.4334
       8.83199       0.503504        76.7076        77.0666
       8.88847       0.502467        76.8986        77.1903
       8.94566       0.501408        77.0946        77.3253
       9.00357       0.500374        77.2951        77.4692
       9.06209       0.499391        77.4991        77.6195
       9.12112       0.498443        77.7043        77.7739
       9.18046       0.497527        77.9082        77.9302
       9.23985       0.496613        78.1084        78.0865
       9.29883       0.495675        78.3035        78.2408
       9.35847       0.494682        78.4975        78.3952
       9.41872       0.493663        78.6911        78.5454
       9.47786       0.492661        79.5061        78.6871
       9.53617       0.491706        79.6599        78.8224
       9.59418       0.490791        79.8159        78.9544
       9.65235       0.489901        79.9762        79.0853
       9.71153          0.489        80.1437        79.2179
       9.77184       0.488093        80.3193         79.353
       9.83138       0.487221        80.4972        79.4869
       9.89133        0.48636        80.6809        79.6229
       9.95184       0.485524        80.8705        79.7623
       10.0131       0.484714         81.066        79.9063
       10.0753       0.483914        81.2678         80.056
       10.1383       0.483136        81.4744        80.2115
       10.2007       0.482367        81.6805        80.3695
       10.2616       0.481583          81.88        80.5271
       10.3217       0.480743        82.0735        80.6859
       10.3817       0.479866        82.2638        81.8321
       10.4418       0.478954        82.4514        81.9436
       10.5027       0.478027        82.6386        82.0621
       10.5641       0.477107        82.8253         82.186
       10.6266       0.476223        83.6281        82.3147
         10.69       0.475378        83.7867        82.4469
       10.7539       0.474575        83.9503        82.5778
       10.8171       0.473812        84.1165         82.705
       10.8807       0.473042        84.2884        82.8305
       10.9448       0.472266        84.4672        82.9543
       11.0096       0.471479         84.653        83.0773
       11.0741       0.470692        84.8433         83.199
       11.1377       0.469918        85.0349        83.3187
       11.2004       0.469152        85.2275        83.4373
       11.2628       0.468385        85.4217         83.556
       11.3259       0.467592        85.6196        83.6771
       11.3897       0.466775        85.8205        83.8012
        11.454       0.465937        86.0215        83.9282
        11.519       0.465105        86.2208        84.0592
       11.5844       0.464304        86.4189        84.1942
       11.6506       0.463536        86.6162        84.3341
       11.7176       0.462799        86.8133        84.4793
       11.7847       0.462095        87.0083        84.6287
       11.8514       0.461415        87.7697        84.7804
       11.9171       0.460737        87.9299        85.9586
       11.9818       0.460043        88.0911        86.0636
        12.046       0.459326        88.2554        86.1734
       12.1101       0.458588        88.4239        86.2872
       12.1747       0.457831        88.5988        86.4049
         12.24       0.457062        88.7806        86.5259
       12.3062         0.4563        88.9695        86.6496
       12.3732       0.455555         89.165        86.7724
       12.4405       0.454831         89.365        86.8925
       12.5071       0.454132        89.5651        87.0084
       12.5743       0.453438        89.7691        87.1241
       12.6421       0.452745        89.9757        87.2398
       12.7095       0.452058        90.1801        87.3545
       12.7777       0.451354        90.3827        87.4704
       12.8446       0.450662        90.5784        87.5846
       12.9108       0.449982        90.7686        87.6982
       12.9767       0.449304        90.9555        87.8123
       13.0438       0.448599        91.1433          87.93
       13.1117       0.447881         91.902        88.0512
       13.1799        0.44717        92.0616        88.1751
       13.2486       0.446483        92.2261        88.3024
       13.3175        0.44584        92.3962        88.4332
        13.387       0.445229        92.5731        88.5683
       13.4573       0.444637        92.7579        88.7081
       13.5276       0.444054        92.9481         88.851
        13.597       0.443471        93.1412        90.0453
       13.6668       0.442867        93.3391        90.1463
       13.7357       0.280315        97.2746        93.5829
       13.7719       0.421438        97.3008        93.5829
       13.8158       0.418867        97.3355        93.5829
        13.867       0.417487        97.3805        93.5829
       13.9253       0.416559        97.4372        93.5829
       13.9901       0.415813        97.5069        93.5829
       14.0608       0.415115        97.5908        93.5831
       14.1372        0.41441        97.6901        93.5833
       14.2193       0.413682        97.8057        93.5838
       14.3065       0.412936        97.9378        93.5849
       14.3985       0.412176        98.0864        93.5869
       14.4948       0.411405        98.2506        93.5905
       14.5952       0.410623        98.4297        93.5966
       14.6993       0.409825        98.6225        93.6066
       14.8074        0.40901        98.8281        93.6228
       14.9193       0.408175        99.0454        93.6478
       15.0368       0.407298        99.2776        93.6861
       15.1661       0.406327        99.9006        93.7465
       15.2957       0.405347        100.127        93.8303
       15.4164       0.404433        100.364        93.9322
       15.5317       0.403564        100.612        94.0523
       15.6443       0.402716        100.875         94.191
       15.7571       0.401871        101.157        94.3498
       15.8725       0.401012        101.462        94.5309
       15.9944       0.400117          101.8        94.7395
        16.123       0.399196         102.17        94.9752
       16.2581       0.398261        102.569        95.2333
       16.3825       0.397426        102.942        95.4756
       16.5028       0.396633        103.306        95.7123
       16.6234       0.395842        103.665        95.9502
       16.7488        0.39501        104.031        96.1974
       16.8778        0.39414        104.398        96.4501
       17.0059       0.393264        104.755        96.6986
       17.1365       0.392367         105.11        96.9486
       17.2646       0.391487         105.45        99.1525
       17.3928       0.390618        105.784        99.2818
       17.5234        0.38975        106.117        99.3953
       17.6539       0.388905        106.444        99.5092
       17.7851        0.38808        106.767        99.6295
       17.9151       0.387288        107.082        99.7567
       18.0439       0.386529        107.391        99.8919
       18.1747       0.385782        108.873        100.039
       18.3097       0.385037        109.172        100.202
       18.4529       0.384271        109.513        100.386
       18.5995       0.383512        109.886        100.588
       18.7368       0.382818        110.251        100.788
       18.8713       0.382146        110.621        100.994
       19.0069       0.381467        111.002        101.211
       19.1486        0.38075        111.404        101.446
       19.2918       0.380014        111.806        101.692
       19.4358       0.379264        112.202        101.946
       19.5786       0.378517        112.585        102.203
       19.7222        0.37777        112.962        102.466
       19.8645       0.377037        113.326        102.728
       20.0055       0.376321        113.679         102.99
       20.1479       0.375606        114.028        103.254
       20.2931       0.374884        114.377         103.52
       20.4384       0.374166        114.719        103.781
       20.5789        0.37348        115.045        104.028
       20.7192       0.372805        115.367        104.271
       20.8621       0.372127        115.691        104.514
       21.0097        0.37144        117.197        104.761
       21.1661       0.370726        117.532        105.017
        21.316       0.370057        117.877        105.259
       21.4616       0.369419        118.233        107.416
       21.6076       0.368787        118.605        107.543
        21.757       0.368145        118.997        107.656
       21.9123        0.36748        119.412        107.773
       22.0655       0.366825        119.826        107.894
       22.2177       0.366179        120.229        108.022
       22.3703       0.365536        120.623        108.159
       22.5229       0.364899        121.007        108.306
        22.675       0.364272        121.381        108.463
       22.8255       0.363659        121.743        108.628
        22.977       0.363048        122.099        108.804
       23.1312       0.362435        122.455        108.994
       23.2841       0.361836          122.8        109.192
       23.4333        0.36126        123.131        109.393
       23.5831       0.360692        123.459        109.604
       23.7364       0.360119         123.79        109.827
       23.8946       0.359537        124.129        110.064
       24.0582       0.358944        125.613        110.315
       24.2139       0.358386        125.947        110.559
       24.3678       0.357838        126.298        110.803
       24.5236       0.357284        126.671        111.052
       24.6841       0.356713        127.069         111.31
       24.8479       0.356128        127.485        111.572
        25.009       0.355554        127.899        111.825
        25.169       0.354986        128.306        112.074
       25.3289       0.354424        128.704        112.318
       25.4879       0.353869        129.091        112.557
       25.6479       0.353317        129.471        112.794
       25.8068       0.352772         129.84        113.025
       25.9662        0.35223        130.202        113.254
       26.1279       0.351685        130.561        113.482
       26.2886       0.351147         130.91        115.642
       26.4459       0.350623        131.246        115.761
       26.6041       0.350101        131.578        115.865
       26.7659       0.349572        131.913         115.97
       26.9328       0.349032        132.256        116.082
       27.1018       0.348491        133.754        116.203
       27.2644       0.347979        134.075        116.328
        27.426       0.347478        134.416         116.46
       27.5905       0.346977        134.782        116.604
       27.7634       0.346459        135.183        116.765
       27.9379       0.345946        135.601        116.939
       28.1084       0.345455        136.015        117.119
       28.2769        0.34498        136.423        117.306
       28.4447       0.344514        136.823        117.502
       28.6121       0.344054        137.213        117.706
       28.7802       0.343594        137.597        117.919
       28.9482       0.343134        137.972        118.138
       29.1161       0.342672        138.338        118.364
        29.286       0.342203          138.7        118.598
       29.4549       0.341736        139.053        118.834
       29.6206       0.341276        139.393        119.069
       29.7873       0.340815        139.729        119.307
       29.9577       0.340345        140.068        119.552
        30.133       0.339864        140.413        119.802
        30.309       0.339385        141.926        120.051
       30.4797       0.338924        142.242        120.288
       30.6506       0.338468        142.581        120.522
       30.8252       0.338008        142.948        120.758
        31.009       0.337528        143.353        121.003
       31.1927       0.337056        143.771        121.244
       31.3715       0.336602        144.186        121.475
       31.5479       0.336162          144.6        121.699
       31.7229       0.335731        145.004        123.876
       31.8981       0.335302        145.397        123.995
       32.0735       0.334874        145.781        124.096
       32.2494       0.334446        146.157        124.197
       32.4251       0.334019        146.525        124.302
       32.6027       0.333589        146.888        124.414
       32.7793       0.333164        147.241        124.533
        32.953       0.332749        147.582        124.658
       33.1279       0.332335         147.92        124.792
       33.3067       0.331917         148.26        124.938
       33.4905       0.331492        148.605        125.099
       33.6731       0.331074        150.076        125.267
       33.8512       0.330669        150.388        125.442
       34.0303       0.330266        150.725        125.625
       34.2136       0.329858        151.094        125.822
       34.4071       0.329435        151.502        126.039
       34.5984       0.329025        151.921        126.261
       34.7844       0.328634        152.336        126.484
       34.9676       0.328257         152.75         126.71
       35.1498       0.327888        153.155        126.938
       35.3336       0.327519        153.553        127.173
       35.5173        0.32715        153.942         127.41
        35.702       0.326778        154.323         127.65
        35.886       0.326404        154.695         127.89
       36.0717       0.326024        155.061        128.131
       36.2567       0.325643        155.418        128.367
       36.4385       0.325266        155.762        128.597
       36.6216       0.324885        156.102        128.824
       36.8086       0.324496        156.445        129.054
       37.0007       0.324097        156.792        129.286
       37.1903       0.323704        158.281        129.511
        37.376       0.323321        158.588        129.729
       37.5631       0.322939        158.922        129.945
       37.7551       0.322554        159.289        132.111
       37.9578       0.322155        159.697        132.234
       38.1583       0.321769        160.116        132.339
       38.3528       0.321404        160.532         132.44
        38.544       0.321054        160.945        132.543
        38.734       0.320712        161.352        132.652
       38.9252       0.320372        161.753         132.77
       39.1162       0.320034        162.143        132.895
       39.3089       0.319692        162.527         133.03
       39.5007        0.31935        162.899        133.173
       39.6942       0.319005        163.266        133.326
       39.8871        0.31866        163.624        133.489
       40.0769       0.318321        163.968        133.657
       40.2681       0.317982        164.309        133.835
       40.4632       0.317638        164.652        134.025
       40.6635       0.317289        164.999        134.229
       40.8604       0.316948        165.337        134.437
       41.0539       0.316617         166.79        134.647
       41.2492       0.316287        167.118        134.866
       41.4497       0.315952        167.479        135.095
       41.6617       0.315602        167.882        135.343
       41.8734       0.315257        168.302        135.593
       42.0779       0.314929        168.719        135.837
       42.2782       0.314612        169.133        136.077
       42.4762       0.314302         169.54        136.313
       42.6742       0.313993        169.938        136.546
       42.8734       0.313682         170.33        136.778
        43.075       0.313365        170.717        137.009
       43.2754       0.313048        171.092        137.236
       43.4772       0.312727        171.461        137.461
       43.6787       0.312405        171.821        137.682
       43.8768       0.312089        172.169        137.896
       44.0762       0.311771        172.512        138.109
       44.2796       0.311448        172.856        138.323
       44.4883       0.311118        173.205        140.398
       44.6928       0.310796        173.543        140.518
        44.894       0.310481        175.003         140.62
       45.0975       0.310165        175.329        140.723
       45.3066       0.309844        175.689        140.833
       45.5277        0.30951        176.092        140.955
       45.7486       0.309181        176.512        141.086
       45.9617       0.308872        176.929        141.221
       46.1702       0.308576        177.343        141.361
       46.3762        0.30829         177.75        141.508
       46.5821       0.308009         178.15        141.664
       46.7893        0.30773        178.542         141.83
       46.9993       0.307448        178.931        142.007
        47.208       0.307168        179.307        142.191
       47.4181       0.306886        179.677        142.384
       47.6279       0.306604        180.038        142.584
       47.8343       0.306326        180.387        142.789
        48.042       0.306045        180.731            143
       48.2539       0.305759        181.076        143.221
        48.471       0.305465        181.425        143.452
       48.6831       0.305178        181.763        143.681
       48.8922       0.304896        183.226         143.91
       49.1038       0.304612        183.551        144.143
       49.3214       0.304322        183.909        144.384
       49.5515       0.304019         184.31        144.636
        49.782        0.30372         184.73        144.886
        50.004       0.303436        185.148        145.122
       50.2211       0.303162        185.562        145.351
       50.4355       0.302896         185.97        145.573
       50.6496       0.302631        186.369        145.792
       50.8651       0.302366        186.762         146.01
       51.0836       0.302097        187.151        146.227
       51.3005       0.301828        187.529         146.44
       51.5187       0.301556        187.899        148.616
       51.7367       0.301283        188.261        148.732
       51.9512       0.301015         188.61        148.829
        52.167       0.300745        188.955        148.926
       52.3869        0.30047        189.301        149.028
       52.6123        0.30019         189.65        149.138
       52.8324       0.299918        189.988        149.252
       53.0497       0.299653        191.454        149.371
       53.2698       0.299386        191.778        149.501
       53.4961       0.299116        192.135        149.642
       53.7355       0.298836        192.536        149.802
       53.9752        0.29856        192.957        149.972
       54.2059       0.298299        193.374        150.145
       54.4313       0.298049        193.789        150.323
       54.6539       0.297807        194.197        150.507
       54.8762       0.297567        194.596        150.698
       55.0999       0.297328         194.99        150.897
       55.3251       0.297088        195.377        151.105
       55.5495       0.296849        195.754        151.317
       55.7755       0.296608        196.125        151.536
       56.0016       0.296366        196.487        151.759
       56.2241       0.296129        196.837        151.981
       56.4481        0.29589        197.182        152.208
       56.6764       0.295646        197.528         152.44
       56.9103       0.295396        197.878        152.679
       57.1384       0.295151        198.216        152.911
       57.3639       0.294909        199.683        153.137
       57.5923       0.294662        200.006        153.362
       57.8273       0.294409        200.362        153.591
       58.0758       0.294143        200.762        153.829
       58.3255       0.293879        201.182        154.066
       58.5649       0.293628        201.598        154.289
       58.7996       0.293386        202.013        154.505
       59.0313        0.29315        202.421        154.715
       59.2621       0.292918         202.82        156.861
       59.4921        0.29269         203.21        156.975
       59.7237        0.29246        203.594        157.073
       59.9564       0.292231        203.971        157.171
       60.1904       0.292001        204.341        157.271
       60.4253       0.291769        204.705        157.378
       60.6562       0.291542        205.056        157.489
       60.8884       0.291314        205.402        157.608
       61.1249       0.291082        205.748        157.737
        61.367       0.290845        206.098        157.878
       61.6035       0.290613        206.437        158.024
       61.8371       0.290386        207.906        158.177
       62.0739       0.290156        208.227         158.34
       62.3173       0.289923        208.581        158.517
       62.5748       0.289679         208.98        158.713
       62.8334       0.289439        209.399        158.919
        63.081       0.289213        209.814        159.125
       63.3244       0.288995        210.229        159.333
       63.5644       0.288785        210.637        159.545
       63.8036       0.288578        211.037        159.761
       64.0419       0.288375        211.427         159.98
       64.2817        0.28817        211.811        160.204
       64.5229       0.287965        212.189        160.432
       64.7653       0.287757        212.561        160.662
       65.0091       0.287546        212.926        160.896
       65.2486       0.287338        213.277        161.123
       65.4891       0.287127        213.624        161.348
        65.734       0.286911        213.971        161.574
       65.9846       0.286689        214.321        161.802
       66.2295       0.286473         214.66        162.023
       66.4715       0.286259        216.129        162.238
       66.7166       0.286042        216.449        162.452
       66.9687       0.285821        216.803         162.67
       67.2351       0.285589        217.201        162.897
       67.5025       0.285358         217.62        163.122
       67.7588       0.285139        218.034        165.159
       68.0108       0.284927        218.449        165.279
       68.2594       0.284721        218.857        165.384
       68.5068       0.284518        219.257        165.488
       68.7535       0.284317        219.648        165.595
       69.0015       0.284117        220.033        165.707
       69.2511       0.283917        220.412        165.827
       69.5017       0.283716        220.784        165.954
       69.7536       0.283514        221.149        166.091
       70.0004       0.283317          221.5        166.232
       70.2485        0.28312        221.847        166.382
       70.5012       0.282919        222.194        166.543
       70.7601       0.282715        222.544        166.717
       71.0132       0.282517        222.884        166.895
       71.2633       0.282322        224.356        167.079
       71.5165       0.282125        224.675        167.272
        71.777       0.281924        225.028        167.478
       72.0523       0.281714        225.424        167.703
       72.3287       0.281504        225.842        167.934
       72.5936       0.281305        226.256        168.161
       72.8543       0.281112        226.671        168.388
       73.1116       0.280924        227.084        168.615
       73.3672       0.280739        227.488        168.843
       73.6228       0.280556         227.88        169.071
       73.8793       0.280373        228.265          169.3
       74.1348       0.280191        228.638        169.525
       74.3913       0.280008        229.005        169.748
       74.6513       0.279822        229.369        169.971
       74.9066       0.279639        229.719        170.187
       75.1627       0.279455        230.064        170.402
       75.4233       0.279267         230.41        170.617
       75.6899       0.279073        230.758        170.834
       75.9523       0.278882        231.098        171.045
       76.2109       0.278692        232.521         171.25
       76.4723       0.278501        232.838        173.347
        76.741       0.278304         233.19        173.463
       77.0247       0.278098        233.586        173.569
       77.3111       0.277891        234.008        173.675
       77.5851       0.277696        234.425         173.78
       77.8524       0.277509        234.841        173.889
       78.1161       0.277327        235.254        174.002
       78.3788       0.277149        235.659        174.123
       78.6432       0.276973        236.055        174.252
       78.9082       0.276797        236.443         174.39
       79.1725       0.276624        236.821        174.535
       79.4375       0.276451        237.191        174.689
       79.7057       0.276276        237.557        174.854
       79.9699       0.276104         237.91        175.024
       80.2344       0.275933        238.257        175.202
       80.5032       0.275759        238.604        175.391
       80.7782        0.27558        238.954        175.591
       81.0499       0.275405        239.296        175.796
       81.3171       0.275232        240.737        176.003
       81.5869       0.275058        241.052        176.217
       81.8638       0.274881          241.4        176.441
        82.156       0.274695        241.794        176.681
       82.4529       0.274508        242.215        176.929
       82.7363       0.274331        242.632        177.167
       83.0128        0.27416        243.048          177.4
       83.2852       0.273994        243.461        177.629
       83.5564        0.27383        243.867        177.853
       83.8295       0.273665        244.264        178.076
       84.1031         0.2735        244.653        178.296
       84.3763       0.273336        245.032        178.513
       84.6498        0.27317        245.403        178.728
       84.9265       0.273003        245.769        178.942
       85.1997       0.272836        246.124        179.151
       85.4729        0.27267        246.472        179.356
       85.7502       0.272501         246.82        179.563
       86.0336       0.272328         247.17        181.625
       86.3147       0.272157        247.514        181.743
       86.5906       0.271989        248.963        181.844
       86.8689        0.27182        249.275        181.945
       87.1542       0.271648        249.622        182.051
       87.4552       0.271467        250.013         182.17
       87.7624       0.271283        250.435        182.298
       88.0551        0.27111        250.851        182.429
       88.3406       0.270943        251.267        182.564
       88.6217        0.27078        251.681        182.706
       88.9013       0.270621        252.086        182.854
       89.1831       0.270462        252.484        183.013
       89.4651       0.270305        252.873         183.18
       89.7469       0.270149        253.253        183.354
        90.029       0.269995        253.624        183.537
       90.3141        0.26984        253.992        183.728
       90.5961       0.269687        254.348        183.925
       90.8777       0.269535        254.696        184.127
       91.1634       0.269382        255.044        184.337
       91.4554       0.269225        255.395        184.558
       91.7457        0.26907        255.739        184.781
       92.0304       0.268917        257.194        185.002
       92.3171       0.268764        257.504        185.228
       92.6111       0.268606         257.85        185.461
        92.921        0.26844        258.239        185.706
       93.2384        0.26827        258.661        185.954
       93.5404       0.268109        259.078        186.188
       93.8351       0.267952        259.494        186.413
       94.1249       0.267799        259.907        186.632
       94.4132       0.267648        260.313        186.847
       94.7037       0.267497        260.711        187.061
       94.9944       0.267347        261.101        187.272
       95.2851       0.267198        261.481        187.481
       95.5758       0.267049        261.853        187.687
       95.8695       0.266899        262.221        189.824
       96.1604        0.26675        262.577        189.936
       96.4506       0.266602        262.927        190.031
       96.7449       0.266451        263.275        190.126
       97.0456       0.266297        263.626        190.226
        97.345       0.266143        263.971        190.331
       97.6383       0.265992        265.428         190.44
       97.9336        0.26584        265.738        190.557
       98.2361       0.265685        266.082        190.685
       98.5549       0.265523         266.47        190.828
       98.8824       0.265357        266.892        190.986
       99.1939       0.265202        267.309        191.145
       99.4974       0.265053        267.725        191.309
       99.7959       0.264908        268.139        191.478
           100        0.26481        268.419        191.598
