#############################################################################
#                                                                           #
#   Start       Finish      Stress      Young's     Poisson's   Carter's    #
#                                       modulus     ratio       coefficient #
#   [m]         [m]         [MPa]       [GPa]       [n/d]       [um/s^0.5]  #
#   ----------- ----------- ----------- ----------- ----------- ----------- #
#                                                                           #
	-27.5		-23.90		34.66024275		22.798125	0.3			0.00
	-23.9		-22.10		34.69368		22.798125	0.3			0.00
	-22.1		-17.90		34.76967375		22.798125	0.3			0.00
	-17.9		-17.20		38.6473815		22.798125	0.3			0.00
	-17.2		-15.90		36.740445		22.798125	0.3			0.00
	-15.9		-14.10		34.839588		22.798125	0.3			0.00
	-14.1		-13.30		36.79009425		22.798125	0.3			0.00
	-13.3		-12.40		36.8073195		22.798125	0.3			0.00
	-12.4		-10.40		34.9064625		22.798125	0.3			0.00
	-10.4		-9.40		32.98432725		22.798125	0.3			0.00
	-9.4		-8.50		33.00053925		22.798125	0.3			0.00
	-8.5		-5.80		33.04714875		22.798125	0.3			0.00
	-5.8		-5.10		33.0582945		22.798125	0.3			0.00
	-5.1		-4.20		29.18261325		22.798125	0.3			0.00
	-4.2		-2.70		29.205918		22.798125	0.3			0.00
	-2.7		-1.60		29.22213		22.798125	0.3			0.00
	-1.6		1.60		29.270766		22.798125	0.3			0.00
	1.6			2.80		31.2425505		22.798125	0.3			0.00
	2.8			4.60		29.31636225		22.798125	0.3			0.00
	4.6			5.40		31.28409375		22.798125	0.3			0.00
	5.4			8.30		31.3317165		22.798125	0.3			0.00
	8.3			9.10		31.3438755		22.798125	0.3			0.00
	9.1			12.60		33.36328275		22.798125	0.3			0.00
	12.6		16.60		33.43218375		22.798125	0.3			0.00
	16.6		25.70		37.08495		22.798125	0.3			0.00
#                                                                           #
#   =========== =========== =========== =========== =========== =========== #
#                                                                           #
#############################################################################
