         Time	     Pressure	       Length	       Height	
        1.0225       0.920215        17.8004        17.7976
        1.0478        0.91386        17.9604        17.9527
        1.0734       0.910323        18.1199        18.1058
        1.0996       0.909153        18.2791        18.2564
        1.1284       0.905799        18.4469        18.4138
        1.1576       0.899766        18.6125        18.5682
        1.1861       0.891808        18.7715        18.7156
        1.2137       0.884038        18.9243        18.8568
        1.2408       0.875991        19.0737        18.9952
         1.268       0.867759        19.2245        19.1353
        1.2957       0.859921        19.3796        19.2805
        1.3242       0.852592        19.5411        19.4325
        1.3536       0.845626        19.7088        19.5919
         1.384       0.838654        19.8828        21.0721
        1.4145       0.832415        20.0583          21.19
        1.4448       0.827014        20.2336        21.3123
        1.4749       0.822443         20.407        21.4373
        1.5054       0.819994        20.5792        21.5658
        1.5367        0.81822        20.7517        21.6958
        1.5689       0.815249        20.9239        21.8275
        1.6022       0.811145        21.0964        21.9614
        1.6366       0.805915        21.2689        22.0978
         1.672       0.799515        21.4416        22.2376
        1.7076       0.792974        21.6118        22.3794
        1.7432       0.786718        22.5965        22.5233
         1.779       0.780731        22.7568        22.6718
         1.815       0.775708        22.9219        22.8256
        1.8517       0.771973         23.093        22.9868
        1.8894       0.768427          23.27        23.1556
        1.9269       0.764219        23.4464         24.634
        1.9645       0.759306        23.6232        24.7508
         2.002       0.754322        23.7987        24.8711
          2.04       0.749789         23.974        24.9954
        2.0786       0.745635        24.1482        25.1229
        2.1182       0.741793        24.3214         25.251
        2.1585       0.738099        24.4926        25.3768
        2.1982       0.734225        24.6575        25.4985
        2.2377       0.729985        24.8192        25.6191
        2.2772       0.725703          24.98         25.741
        2.3176        0.72213        25.1442        25.8687
        2.3584       0.719075         26.093        26.0012
           2.4       0.716402        26.2477        26.1405
        2.4429       0.714144        26.4112        26.2889
        2.4871       0.711227        26.5821        26.4458
        2.5323       0.707569         26.758        26.6094
        2.5776        0.70324        26.9345        27.9411
        2.6229       0.698364        27.1113        28.0578
        2.6681       0.693402        27.2877        28.1833
        2.7134        0.68873        27.4631        28.3158
        2.7589       0.684582        27.6369        28.4486
        2.8043       0.681212        27.8076         28.578
          2.85       0.678789        27.9755        28.7051
        2.8964       0.676539        28.1431        28.8332
        2.9431       0.673903        28.3098        28.9627
        2.9898       0.671038        28.4752        29.0942
         3.037       0.668389        28.6406        29.2297
        3.0856       0.666158        29.5396        29.3713
        3.1354       0.663606        29.6915        29.5184
        3.1858       0.660673        29.8477        29.6697
        3.2353       0.657498        30.0036        29.8208
        3.2844       0.654034        30.1606        29.9734
        3.3335        0.65024          30.32        30.1286
        3.3826       0.646381        30.4823        30.2868
        3.4328       0.643033        30.6511        31.6779
        3.4838       0.639966        30.8249        31.7946
        3.5354       0.637394        31.0018        31.9163
        3.5869       0.635286         31.177        32.0396
         3.639       0.633214        31.3506        32.1642
        3.6919       0.631007         31.522         32.289
        3.7451       0.628415        31.6907        32.4144
        3.7986       0.625484        31.8579        32.5415
        3.8524       0.622611        32.0238        32.6711
        3.9063       0.620141        32.1871        32.8021
        3.9592       0.617865        32.9825        32.9319
         4.012       0.615635        33.1216        33.0632
        4.0651       0.613381         33.264        33.1979
        4.1199       0.611247        33.4144        33.3404
        4.1761        0.60892        33.5727        33.4908
        4.2328       0.606403        33.7368        33.6471
        4.2903       0.603963        33.9071        33.8099
        4.3487       0.601613        34.0832        35.1581
        4.4069       0.599356        34.2604        35.2767
        4.4648       0.597037         34.437        35.4017
        4.5228       0.594629         34.612        35.5271
        4.5819       0.592103        34.7866        35.6537
        4.6415       0.589423        34.9582        35.7795
        4.7006       0.586671        35.1257        35.9019
        4.7591       0.584149        35.2896        36.0231
        4.8183       0.581961        35.4538        36.1466
        4.8778       0.580194        35.6166        36.2712
        4.9381       0.578842         36.428        36.3984
        4.9996       0.577529         36.572        36.5301
        5.0621       0.575972        36.7214        36.6668
        5.1252       0.574096         36.876         36.809
        5.1883       0.571962        37.0347        36.9558
         5.252       0.569812        37.1986        37.1089
        5.3163       0.567672        37.3669        37.2678
        5.3797       0.565508         37.535        38.5522
        5.4426       0.563324        37.7032        38.6643
        5.5057       0.561113        37.8724        38.7841
        5.5693       0.558829         38.043        38.9098
        5.6346       0.556569        38.2169         39.038
        5.6995       0.554385        38.3879        39.1644
        5.7649       0.552395        38.5578         39.291
        5.8309       0.550623        38.7271        39.4172
        5.8978       0.549142        38.8966        39.5453
        5.9658       0.547826        39.0657         39.676
        6.0348       0.546484        39.2338        39.8084
        6.1044       0.544962        40.0059        39.9424
         6.174       0.543203        40.1516        40.0781
        6.2423       0.541255        40.2978        40.2142
        6.3096       0.539346        40.4455        40.3522
        6.3763       0.537543        40.5953        40.4928
        6.4444       0.535829        40.7515        40.6403
        6.5135       0.534191         40.913        40.7938
        6.5843       0.532638        41.0813          42.06
        6.6566       0.531074        41.2553        42.1759
        6.7296       0.529375        41.4326        42.3011
        6.8021       0.527547        41.6097        42.4311
        6.8742       0.525696        41.7857        42.5605
        6.9466       0.523933        41.9604        42.6903
        7.0196       0.522255        42.1331        42.8199
        7.0933       0.520642        42.3041        42.9484
        7.1672       0.519072        42.4722        43.0763
        7.2407       0.517537        42.6358        43.2023
        7.3142       0.515948        42.7962        43.3278
        7.3881        0.51427        43.5426         43.455
        7.4622         0.5127         43.682        43.5848
        7.5368       0.511303        43.8259        43.7192
        7.6123       0.510036        43.9753        43.8593
        7.6894       0.508908        44.1317         44.007
        7.7682        0.50781        44.2953        44.1627
        7.8483       0.506565        44.4651        44.3257
        7.9291       0.505099        44.6394        45.5999
        8.0098        0.50343        44.8159        45.7188
         8.089       0.501668        44.9907        45.8435
        8.1668       0.499937        45.1635        45.9713
        8.2439        0.49826        45.3343        46.0977
         8.321       0.496626        45.5028        46.2222
        8.4003       0.495088        45.6725        46.3481
        8.4814       0.493724        45.8427        46.4763
        8.5633       0.492467        46.0111        46.6059
        8.6444       0.491216        46.1751        46.7342
         8.726       0.489965         46.924        46.8643
        8.8084       0.488732        47.0634        46.9978
        8.8922       0.487537        47.2086        47.1368
        8.9774       0.486412          47.36        47.2816
        9.0624       0.485301        47.5148        47.4297
        9.1462       0.484131         47.671        47.5794
        9.2291       0.482857        47.8289        47.7311
        9.3117       0.481453        47.9893        47.8857
        9.3943        0.47991        48.1524        49.1601
        9.4783       0.478358        48.3206        49.2726
        9.5634       0.476962        48.4926        49.3936
        9.6498       0.475651        48.6684        49.5218
        9.7364       0.474437        48.8443        49.6503
        9.8234       0.473308        49.0188        49.7775
        9.9114       0.472193        49.1918        49.9042
       10.0001       0.471031         49.363        50.0316
        10.089       0.469774        49.5315        50.1598
       10.1786       0.468456        49.6986        50.2893
       10.2679       0.467181        50.4457        50.4195
       10.3556       0.465997         50.582        50.5494
       10.4426       0.464881        50.7197        50.6805
       10.5297       0.463822        50.8601        50.8144
       10.6185       0.462762        51.0064        50.9538
       10.7093       0.461687        51.1594           51.1
          10.8       0.460597        51.3161        51.2499
       10.8916       0.459469        51.4782        51.4057
       10.9843       0.458355        51.6459        52.6508
       11.0789        0.45728        51.8201        52.7674
       11.1742       0.456255        51.9976         52.893
       11.2685       0.455221        52.1746         53.023
       11.3624       0.454122        52.3503        53.1525
        11.457       0.452921        52.5249        53.2808
       11.5515       0.451647        52.6957        53.4066
       11.6453       0.450338        52.8625        53.5311
       11.7386       0.449042        53.0255        53.6553
       11.8335        0.44781        53.1888        53.7818
       11.9296       0.446713        53.3521        53.9108
       12.0267       0.445724         54.089        54.0429
       12.1252       0.444811        54.2306        54.1792
       12.2235       0.443978        54.3748         54.318
       12.3212       0.443129        54.5217        54.4594
       12.4199       0.442208        54.6743        54.6064
       12.5196       0.441239        54.8329        54.7594
       12.6209       0.440231        54.9983        54.9194
       12.7203       0.439266         55.164        56.1612
       12.8183       0.438305        55.3299        56.2727
       12.9159       0.437311        55.4966        56.3909
       13.0139        0.43626        55.6651        56.5148
        13.114       0.435125        55.8367        56.6412
       13.2154       0.433937        56.0087        56.7687
       13.3173       0.432771        56.1787        56.8953
       13.4201       0.431698        56.3481        57.0211
       13.5242       0.430705        56.5172        57.1483
       13.6292       0.429787        56.6854        57.2765
       13.7355       0.428952        56.8537         57.407
       13.8426       0.428136        57.5846        57.5398
       13.9492       0.427286        57.7272        57.6739
       14.0549       0.426387        57.8715        57.8094
       14.1599       0.425432        58.0183        57.9474
       14.2636       0.424466        58.1674        58.0878
       14.3667       0.423522        58.3195        58.2318
       14.4716       0.422587         58.478        58.3829
       14.5781       0.421708         58.642        58.5405
       14.6865       0.420856        58.8114        59.8028
       14.7963       0.420016        58.9848        59.9191
       14.9054       0.419155        59.1585        60.0414
       15.0154       0.418234        59.3345        60.1661
       15.1252       0.417294        59.5093        60.2913
        15.236       0.416348        59.6826        60.4172
       15.3473       0.415435        59.8541        60.5423
       15.4574       0.414555        60.0211        60.6661
       15.5661       0.413693        60.1834        60.7884
       15.6745        0.41283        60.3429        60.9106
       15.7833       0.411946        61.0563        61.0342
       15.8938       0.411014        61.1909        61.1614
       16.0048       0.410062        61.3288        61.2913
       16.1164       0.409184         61.471        61.4252
       16.2292       0.408378        61.6192        61.5646
        16.344       0.407622        61.7746        61.7113
       16.4609       0.406925        61.9373        61.8657
       16.5784       0.406259        62.1047        62.0255
       16.6953       0.405564        62.2745        63.2496
       16.8119       0.404795        62.4463        63.3646
       16.9293       0.403942        62.6212        63.4878
       17.0442       0.403053        62.7936        63.6136
       17.1577       0.402158        62.9637         63.738
       17.2709       0.401274        63.1315        63.8604
       17.3866       0.400378        63.3001        63.9837
       17.5042       0.399511        63.4688        64.1089
        17.624        0.39866        63.6376         64.237
       17.7426       0.397851         63.802        64.3638
       17.8618       0.397056         63.965        64.4918
       17.9819       0.396279        64.6522        64.6222
       18.1033        0.39554        64.7928        64.7562
       18.2266       0.394824         64.939        64.8954
        18.351       0.394138        65.0906        65.0399
       18.4725       0.393478        65.2428        65.1851
       18.5921       0.392818        65.3965         65.332
       18.7112       0.392131         65.553         65.482
       18.8306       0.391391        65.7128        66.6788
       18.9512       0.390598        65.8767        66.7882
       19.0732       0.389773        66.0448        66.9067
       19.1968        0.38896        66.2168        67.0327
       19.3223       0.388183        66.3925         67.165
       19.4481       0.387442        66.5683        67.2966
       19.5743        0.38673        66.7424         67.426
       19.7009       0.386023        66.9138        67.5535
       19.8278       0.385302        67.0824        67.6808
       19.9556       0.384547        67.2493        67.8086
       20.0846       0.383778        67.4156         67.938
       20.2115       0.383025        68.1158        68.0663
       20.3367        0.38231        68.2483        68.1946
       20.4613       0.381628        68.3828        68.3247
       20.5862       0.380961         68.521        68.4581
       20.7134       0.380282        68.6657        68.5978
       20.8434       0.379598        68.8177        68.7445
       20.9722       0.378931        68.9723        68.8941
        21.102       0.378265        69.1321        69.0491
       21.2332       0.377608        69.2973        70.2655
       21.2333       0.377608        69.2973        70.2655
