             0              0              0              0              0              0              0              0              0              0              0              0              0              0              0              0              0              0              0              0              0
      0.867811       0.850093       0.775994       0.622883       0.330541              0              0              0              0              0              0              0              0              0              0              0              0              0              0              0              0
       1.45686        1.44216        1.38433        1.28439        1.15027        1.01327       0.817093       0.353461              0              0              0              0              0              0              0              0              0              0              0              0              0
       1.95553        1.94374        1.89819        1.82227        1.71954           1.59        1.40999        1.15881        0.87762       0.314583              0              0              0              0              0              0              0              0              0              0              0
       2.39287        2.38271        2.34348        2.27746        2.18508         2.0637        1.90558        1.70579        1.46359        1.15964       0.844015              0              0              0              0              0              0              0              0              0              0
       2.78256        2.77324         2.7371        2.67573        2.58879        2.47447        2.32967        2.15173        1.93827         1.6843        1.38133       0.979852       0.430227              0              0              0              0              0              0              0              0
       3.13343        3.12454        3.08997        3.03108        2.94751        2.83817        2.70137        2.53528        2.33754        2.10401         1.8266        1.48801        1.06871       0.562398              0              0              0              0              0              0              0
       3.45171        3.44303        3.40926        3.35174        3.27025        3.16411        3.03225        2.87325         2.6851        2.46445        2.20578        1.90028        1.53721        1.10349        0.56356              0              0              0              0              0              0
       3.74191        3.73331        3.69989        3.64302        3.56266         3.4584        3.32954        3.17503        2.99327        2.78179        2.53688        2.25324        1.92385        1.53792        1.07031       0.433805              0              0              0              0              0
       4.00738        3.99877        3.96534        3.90857        3.82858        3.72519        3.59799        3.44626        3.26882        3.06393        2.82902        2.56059        2.25386        1.90158        1.49003        0.98232              0              0              0              0              0
       4.25062        4.24192        4.20818        4.15102        4.07072        3.96734        3.84074        3.69048        3.51578         3.3154        3.08751        2.82958        2.53805         2.2076         1.8291        1.38443       0.847382              0              0              0              0
       4.47356        4.46469        4.43033        4.37226          4.291        4.18684        4.05989        3.91002        3.73673        3.53915        3.31591        3.06498        2.78345        2.46675        2.10696        1.68786        1.16377       0.321314              0              0              0
       4.67766        4.66851        4.63317        4.57365        4.49073          4.385        4.25685        4.10638        3.93338         3.7372        3.51676        3.27034        2.99538        2.68783        2.34091        1.94223        1.46803       0.881992              0              0              0
       4.86405         4.8545        4.81772        4.75608        4.67074        4.56263        4.43244        4.28052        4.10683        3.91094         3.6919        3.44822        3.17759        2.87643         2.5391        2.15617        1.71077        1.16445       0.364069              0              0
       5.03357        5.02343         4.9846        4.92003        4.83138        4.72004        4.58702        4.43289        4.25774        4.06125         3.8426        3.60041        3.33256        3.03591        2.70572         2.3347        1.91126        1.41621       0.823202              0              0
       5.18682        5.17583        5.13408        5.06548         4.9725        4.85707         4.7205        4.56353        4.38635        4.18865        3.96967        3.72808        3.46191        3.16831        2.84314        2.48028        2.07034        1.59731        1.02027              0              0
       5.32422        5.31187        5.26588        5.19183        5.09336        4.97301        4.83234        4.67213        4.49256         4.2933        4.07353        3.83197        3.56672        3.27508        2.95325        2.59557        2.19309        1.72897        1.16129       0.346135              0
       5.44597        5.43129        5.37889        5.29757        5.19246         5.0666        4.92157        4.75804        4.57603        4.37511        4.15439        3.91255         3.6477        3.35729        3.03769        2.68368        2.28719        1.83452        1.30088       0.648821              0
       5.55215        5.53269        5.47041        5.37981        5.26737          5.136        4.98691         4.8204        4.63625        4.43386        4.21224        3.97002        3.70532        3.41565        3.09757        2.74633        2.35497          1.913        1.40418       0.802505              0
       5.64275        5.61142        5.53457        5.43384        5.31479        5.17903        5.02692         4.8583        4.67267        4.46927        4.24702        4.00449        3.73982        3.45055        3.13341        2.78396        2.39605        1.96083        1.46437       0.876744              0
       5.71458        5.65167        5.56026        5.45334        5.33121        5.19366        5.04041        4.87102        4.68486         4.4811        4.25862        4.01598        3.75131        3.46218        3.14535        2.79652        2.40981        1.97682        1.48396       0.899117              0
       5.64275        5.61142        5.53457        5.43384        5.31479        5.17903        5.02692         4.8583        4.67267        4.46927        4.24702        4.00449        3.73982        3.45055        3.13341        2.78396        2.39605        1.96083        1.46437       0.876744              0
       5.55215        5.53269        5.47041        5.37981        5.26737          5.136        4.98691         4.8204        4.63625        4.43386        4.21224        3.97002        3.70532        3.41565        3.09757        2.74633        2.35497          1.913        1.40418       0.802505              0
       5.44597        5.43129        5.37889        5.29757        5.19246         5.0666        4.92157        4.75804        4.57603        4.37511        4.15439        3.91255         3.6477        3.35729        3.03769        2.68368        2.28719        1.83452        1.30088       0.648821              0
       5.32422        5.31187        5.26588        5.19183        5.09336        4.97301        4.83234        4.67213        4.49256         4.2933        4.07353        3.83197        3.56672        3.27508        2.95325        2.59557        2.19309        1.72897        1.16129       0.346135              0
       5.18682        5.17583        5.13408        5.06548         4.9725        4.85707         4.7205        4.56353        4.38635        4.18865        3.96967        3.72808        3.46191        3.16831        2.84314        2.48028        2.07034        1.59731        1.02027              0              0
       5.03357        5.02343         4.9846        4.92003        4.83138        4.72004        4.58702        4.43289        4.25774        4.06125         3.8426        3.60041        3.33256        3.03591        2.70572         2.3347        1.91126        1.41621       0.823202              0              0
       4.86405         4.8545        4.81772        4.75608        4.67074        4.56263        4.43244        4.28052        4.10683        3.91094         3.6919        3.44822        3.17759        2.87643         2.5391        2.15617        1.71077        1.16445       0.364069              0              0
       4.67766        4.66851        4.63317        4.57365        4.49073          4.385        4.25685        4.10638        3.93338         3.7372        3.51676        3.27034        2.99538        2.68783        2.34091        1.94223        1.46803       0.881992              0              0              0
       4.47356        4.46469        4.43033        4.37226          4.291        4.18684        4.05989        3.91002        3.73673        3.53915        3.31591        3.06498        2.78345        2.46675        2.10696        1.68786        1.16377       0.321314              0              0              0
       4.25062        4.24192        4.20818        4.15102        4.07072        3.96734        3.84074        3.69048        3.51578         3.3154        3.08751        2.82958        2.53805         2.2076         1.8291        1.38443       0.847382              0              0              0              0
       4.00738        3.99877        3.96534        3.90857        3.82858        3.72519        3.59799        3.44626        3.26882        3.06393        2.82902        2.56059        2.25386        1.90158        1.49003        0.98232              0              0              0              0              0
       3.74191        3.73331        3.69989        3.64302        3.56266         3.4584        3.32954        3.17503        2.99327        2.78179        2.53688        2.25324        1.92385        1.53792        1.07031       0.433805              0              0              0              0              0
       3.45171        3.44303        3.40926        3.35174        3.27025        3.16411        3.03225        2.87325         2.6851        2.46445        2.20578        1.90028        1.53721        1.10349        0.56356              0              0              0              0              0              0
       3.13343        3.12454        3.08997        3.03108        2.94751        2.83817        2.70137        2.53528        2.33754        2.10401         1.8266        1.48801        1.06871       0.562398              0              0              0              0              0              0              0
       2.78256        2.77324         2.7371        2.67573        2.58879        2.47447        2.32967        2.15173        1.93827         1.6843        1.38133       0.979852       0.430227              0              0              0              0              0              0              0              0
       2.39287        2.38271        2.34348        2.27746        2.18508         2.0637        1.90558        1.70579        1.46359        1.15964       0.844015              0              0              0              0              0              0              0              0              0              0
       1.95553        1.94374        1.89819        1.82227        1.71954           1.59        1.40999        1.15881        0.87762       0.314583              0              0              0              0              0              0              0              0              0              0              0
       1.45686        1.44216        1.38433        1.28439        1.15027        1.01327       0.817093       0.353461              0              0              0              0              0              0              0              0              0              0              0              0              0
      0.867811       0.850093       0.775994       0.622883       0.330541              0              0              0              0              0              0              0              0              0              0              0              0              0              0              0              0
             0              0              0              0              0              0              0              0              0              0              0              0              0              0              0              0              0              0              0              0              0
