             0              0              0              0              0              0              0              0              0              0              0              0              0              0              0              0              0              0              0              0              0              0              0              0              0              0              0              0              0              0              0
             0              0              0              0              0              0              0              0              0              0              0              0              0              0              0              0              0              0              0              0              0              0              0              0              0              0              0              0              0              0              0
             0              0              0              0              0              0              0              0              0              0              0              0              0              0              0              0              0              0              0              0              0              0              0              0              0              0              0              0              0              0              0
             0              0              0              0              0              0              0              0              0              0              0              0              0              0              0              0              0              0              0              0              0              0              0              0              0              0              0              0              0              0              0
             0              0              0              0              0              0              0              0              0              0              0              0              0              0              0              0              0              0              0              0              0              0              0              0              0              0              0              0              0              0              0
             0              0              0              0              0              0              0              0              0              0              0              0              0              0              0              0              0              0              0              0              0              0              0              0              0              0              0              0              0              0              0
             0              0              0              0              0              0              0              0              0              0              0              0              0              0              0              0              0              0              0              0              0              0              0              0              0              0              0              0              0              0              0
             0              0              0              0              0              0              0              0              0              0              0              0              0              0              0              0              0              0              0              0              0              0              0              0              0              0              0              0              0              0              0
             0              0              0              0              0              0              0              0              0              0              0              0              0              0              0              0              0              0              0              0              0              0              0              0              0              0              0              0              0              0              0
             0              0              0              0              0              0              0              0              0              0              0              0              0              0              0              0              0              0              0              0              0              0              0              0              0              0              0              0              0              0              0
             0              0              0              0              0              0              0              0              0              0              0              0              0              0              0              0              0              0              0              0              0              0              0              0              0              0              0              0              0              0              0
             0              0              0              0              0              0              0              0              0              0              0              0              0              0              0              0              0              0              0              0              0              0              0              0              0              0              0              0              0              0              0
             0              0              0              0              0              0              0              0              0              0              0              0              0              0              0              0              0              0              0              0              0              0              0              0              0              0              0              0              0              0              0
             0              0              0              0              0              0              0              0              0              0              0              0              0              0              0              0              0              0              0              0              0              0              0              0              0              0              0              0              0              0              0
             0              0              0              0              0              0              0              0              0              0              0              0              0              0              0              0              0              0              0              0              0              0              0              0              0              0              0              0              0              0              0
             0              0              0              0              0              0              0              0              0              0              0              0              0              0              0              0              0              0              0              0              0              0              0              0              0              0              0              0              0              0              0
             0              0              0              0              0              0              0              0              0              0              0              0              0              0              0              0              0              0              0              0              0              0              0              0              0              0              0              0              0              0              0
             0              0              0              0              0              0              0              0              0              0              0              0              0              0              0              0              0              0              0              0              0              0              0              0              0              0              0              0              0              0              0
             0              0              0              0              0              0              0              0              0              0              0              0              0              0              0              0              0              0              0              0              0              0              0              0              0              0              0              0              0              0              0
             0              0              0              0              0              0              0              0              0              0              0              0              0              0              0              0              0              0              0              0              0              0              0              0              0              0              0              0              0              0              0
             0              0              0              0              0              0              0              0              0              0              0              0              0              0              0              0              0              0              0              0              0              0              0              0              0              0              0              0              0              0              0
             0              0              0              0              0              0              0              0              0              0              0              0              0              0              0              0              0              0              0              0              0              0              0              0              0              0              0              0              0              0              0
             0              0              0              0              0              0              0              0              0              0              0              0              0              0              0              0              0              0              0              0              0              0              0              0              0              0              0              0              0              0              0
             0              0              0              0              0              0              0              0              0              0              0              0              0              0              0              0              0              0              0              0              0              0              0              0              0              0              0              0              0              0              0
             0              0              0              0              0              0              0              0              0              0              0              0              0              0              0              0              0              0              0              0              0              0              0              0              0              0              0              0              0              0              0
             0              0              0              0              0              0              0              0              0              0              0              0              0              0              0              0              0              0              0              0              0              0              0              0              0              0              0              0              0              0              0
      0.806915       0.721585       0.267879              0              0              0              0              0              0              0              0              0              0              0              0              0              0              0              0              0              0              0              0              0              0              0              0              0              0              0              0
       1.24378        1.16565       0.933773       0.621421              0              0              0              0              0              0              0              0              0              0              0              0              0              0              0              0              0              0              0              0              0              0              0              0              0              0              0
       1.55905        1.48419        1.27784       0.934516       0.268813              0              0              0              0              0              0              0              0              0              0              0              0              0              0              0              0              0              0              0              0              0              0              0              0              0              0
        1.7851        1.69489        1.48525        1.16876       0.727647              0              0              0              0              0              0              0              0              0              0              0              0              0              0              0              0              0              0              0              0              0              0              0              0              0              0
       1.92353        1.78567        1.56093        1.24978       0.825739              0              0              0              0              0              0              0              0              0              0              0              0              0              0              0              0              0              0              0              0              0              0              0              0              0              0
       1.78628        1.69571        1.48549        1.16868       0.727577              0              0              0              0              0              0              0              0              0              0              0              0              0              0              0              0              0              0              0              0              0              0              0              0              0              0
       1.56328        1.48688         1.2786       0.934405       0.268724              0              0              0              0              0              0              0              0              0              0              0              0              0              0              0              0              0              0              0              0              0              0              0              0              0              0
       1.25734        1.17271       0.935391       0.621293              0              0              0              0              0              0              0              0              0              0              0              0              0              0              0              0              0              0              0              0              0              0              0              0              0              0              0
      0.848614        0.73541       0.269969              0              0              0              0              0              0              0              0              0              0              0              0              0              0              0              0              0              0              0              0              0              0              0              0              0              0              0              0
             0              0              0              0              0              0              0              0              0              0              0              0              0              0              0              0              0              0              0              0              0              0              0              0              0              0              0              0              0              0              0
             0              0              0              0              0              0              0              0              0              0              0              0              0              0              0              0              0              0              0              0              0              0              0              0              0              0              0              0              0              0              0
             0              0              0              0              0              0              0              0              0              0              0              0              0              0              0              0              0              0              0              0              0              0              0              0              0              0              0              0              0              0              0
             0              0              0              0              0              0              0              0              0              0              0              0              0              0              0              0              0              0              0              0              0              0              0              0              0              0              0              0              0              0              0
             0              0              0              0              0              0              0              0              0              0              0              0              0              0              0              0              0              0              0              0              0              0              0              0              0              0              0              0              0              0              0
             0              0              0              0              0              0              0              0              0              0              0              0              0              0              0              0              0              0              0              0              0              0              0              0              0              0              0              0              0              0              0
             0              0              0              0              0              0              0              0              0              0              0              0              0              0              0              0              0              0              0              0              0              0              0              0              0              0              0              0              0              0              0
             0              0              0              0              0              0              0              0              0              0              0              0              0              0              0              0              0              0              0              0              0              0              0              0              0              0              0              0              0              0              0
             0              0              0              0              0              0              0              0              0              0              0              0              0              0              0              0              0              0              0              0              0              0              0              0              0              0              0              0              0              0              0
             0              0              0              0              0              0              0              0              0              0              0              0              0              0              0              0              0              0              0              0              0              0              0              0              0              0              0              0              0              0              0
             0              0              0              0              0              0              0              0              0              0              0              0              0              0              0              0              0              0              0              0              0              0              0              0              0              0              0              0              0              0              0
             0              0              0              0              0              0              0              0              0              0              0              0              0              0              0              0              0              0              0              0              0              0              0              0              0              0              0              0              0              0              0
             0              0              0              0              0              0              0              0              0              0              0              0              0              0              0              0              0              0              0              0              0              0              0              0              0              0              0              0              0              0              0
             0              0              0              0              0              0              0              0              0              0              0              0              0              0              0              0              0              0              0              0              0              0              0              0              0              0              0              0              0              0              0
             0              0              0              0              0              0              0              0              0              0              0              0              0              0              0              0              0              0              0              0              0              0              0              0              0              0              0              0              0              0              0
             0              0              0              0              0              0              0              0              0              0              0              0              0              0              0              0              0              0              0              0              0              0              0              0              0              0              0              0              0              0              0
             0              0              0              0              0              0              0              0              0              0              0              0              0              0              0              0              0              0              0              0              0              0              0              0              0              0              0              0              0              0              0
             0              0              0              0              0              0              0              0              0              0              0              0              0              0              0              0              0              0              0              0              0              0              0              0              0              0              0              0              0              0              0
             0              0              0              0              0              0              0              0              0              0              0              0              0              0              0              0              0              0              0              0              0              0              0              0              0              0              0              0              0              0              0
             0              0              0              0              0              0              0              0              0              0              0              0              0              0              0              0              0              0              0              0              0              0              0              0              0              0              0              0              0              0              0
             0              0              0              0              0              0              0              0              0              0              0              0              0              0              0              0              0              0              0              0              0              0              0              0              0              0              0              0              0              0              0
             0              0              0              0              0              0              0              0              0              0              0              0              0              0              0              0              0              0              0              0              0              0              0              0              0              0              0              0              0              0              0
             0              0              0              0              0              0              0              0              0              0              0              0              0              0              0              0              0              0              0              0              0              0              0              0              0              0              0              0              0              0              0
             0              0              0              0              0              0              0              0              0              0              0              0              0              0              0              0              0              0              0              0              0              0              0              0              0              0              0              0              0              0              0
             0              0              0              0              0              0              0              0              0              0              0              0              0              0              0              0              0              0              0              0              0              0              0              0              0              0              0              0              0              0              0
             0              0              0              0              0              0              0              0              0              0              0              0              0              0              0              0              0              0              0              0              0              0              0              0              0              0              0              0              0              0              0
