0.00000000 1.19062000 0.00000000 1.11762500
0.00500000 1.19190600 38.2837800 1.11762500
0.01000000 1.19091400 19.1575400 1.04707200
0.01500000 1.18958100 12.7856800 1.00775900
0.02000000 1.18816200 9.60037600 0.98014250 
0.02500000 1.18669500 7.68943800 0.95876050 
0.03000000 1.18518700 6.41564900 0.94127280 
0.03500000 1.18364600 5.50591600 0.92645400 
0.04000000 1.18207100 4.82371700 0.91358000 
0.04500000 1.18046100 4.29321200 0.90218670 
0.05000000 1.17882100 3.86887900 0.89195840 
0.05500000 1.17714800 3.52176900 0.88267080 
0.06000000 1.17544500 3.23257100 0.87415830 
0.06500000 1.17370800 2.98792500 0.86629560 
0.07000000 1.17194200 2.77828000 0.85898540 
0.07500000 1.17014400 2.59663900 0.85215040 
0.08000000 1.16831400 2.43774800 0.84572860 
0.08500000 1.16645500 2.29759300 0.83966910 
0.09000000 1.16456300 2.17305300 0.83392990 
0.09500000 1.16264200 2.06166100 0.82847570 
0.10000000 1.16068800 1.96144700 0.82327680 
0.10500000 1.15870500 1.87081100 0.81830760 
0.11000000 1.15669000 1.78844700 0.81354640 
0.11500000 1.15464700 1.71327700 0.80897410 
0.12000000 1.15257100 1.64440300 0.80457430 
0.12500000 1.15046500 1.58106800 0.80033230 
0.13000000 1.14832800 1.52263500 0.79623540 
0.13500000 1.14616200 1.46855500 0.79227220 
0.14000000 1.14396400 1.41836500 0.78843250 
0.14500000 1.14173700 1.37166300 0.78470730 
0.15000000 1.13947900 1.32809700 0.78108840 
0.15500000 1.13719000 1.28736700 0.77756850 
0.16000000 1.13487100 1.24920500 0.77414100 
0.16500000 1.13252200 1.21337800 0.77079960 
0.17000000 1.13014200 1.17968000 0.76753900 
0.17500000 1.12773200 1.14792900 0.76435420 
0.18000000 1.12529100 1.11796300 0.76124040 
0.18500000 1.12282000 1.08963600 0.75819350 
0.19000000 1.12031900 1.06281900 0.75520940 
0.19500000 1.11778600 1.03739800 0.75228480 
0.20000000 1.11522200 1.01326500 0.74941600 
0.20500000 1.11263000 0.99032740 0.74660000 
0.21000000 1.11000600 0.96849970 0.74383410 
0.21500000 1.10735300 0.94770330 0.74111550 
0.22000000 1.10466700 0.92787080 0.73844160 
0.22500000 1.10195100 0.90893570 0.73581020 
0.23000000 1.09920500 0.89084000 0.73321900 
0.23500000 1.09642700 0.87352990 0.73066600 
0.24000000 1.09361900 0.85695690 0.72814920 
0.24500000 1.09078000 0.84107520 0.72566690 
0.25000000 1.08791000 0.82584340 0.72321720 
0.25500000 1.08500800 0.81122420 0.72079860 
0.26000000 1.08207700 0.79718070 0.71840950 
0.26500000 1.07911300 0.78368170 0.71604860 
0.27000000 1.07611900 0.77069620 0.71371440 
0.27500000 1.07309300 0.75819680 0.71140540 
0.28000000 1.07003600 0.74615680 0.70912070 
0.28500000 1.06694600 0.73455270 0.70685890 
0.29000000 1.06382600 0.72336140 0.70461890 
0.29500000 1.06067400 0.71256210 0.70239970 
0.30000000 1.05749100 0.70213510 0.70020020 
0.30500000 1.05427500 0.69206260 0.69801940 
0.31000000 1.05102700 0.68232730 0.69585630 
0.31500000 1.04774800 0.67291250 0.69371010 
0.32000000 1.04443600 0.66380380 0.69157990 
0.32500000 1.04109200 0.65498730 0.68946480 
0.33000000 1.03771600 0.64644870 0.68736400 
0.33500000 1.03430600 0.63817690 0.68527680 
0.34000000 1.03086500 0.63015890 0.68320230 
0.34500000 1.02739100 0.62238440 0.68113990 
0.35000000 1.02388300 0.61484310 0.67908880 
0.35500000 1.02034400 0.60752430 0.67704830 
0.36000000 1.01677000 0.60041960 0.67501780 
0.36500000 1.01316400 0.59351960 0.67299660 
0.37000000 1.00952200 0.58681750 0.67098410 
0.37500000 1.00585000 0.58030270 0.66897960 
0.38000000 1.00214300 0.57396940 0.66698270 
0.38500000 0.99840270 0.56781060 0.66499260 
0.39000000 0.99462520 0.56182070 0.66300880 
0.39500000 0.99081650 0.55599080 0.66103080 
0.40000000 0.98697270 0.55031630 0.65905790 
0.40500000 0.98309300 0.54479190 0.65708960 
0.41000000 0.97917930 0.53941120 0.65512540 
0.41500000 0.97523090 0.53416940 0.65316490 
0.42000000 0.97124640 0.52906150 0.65120730 
0.42500000 0.96722750 0.52408270 0.64925220 
0.43000000 0.96317240 0.51922860 0.64729920 
0.43500000 0.95908160 0.51449500 0.64534770 
0.44000000 0.95495540 0.50987740 0.64339720 
0.44500000 0.95079200 0.50537230 0.64144720 
0.45000000 0.94659340 0.50097570 0.63949720 
0.45500000 0.94235640 0.49668460 0.63754680 
0.46000000 0.93808380 0.49249470 0.63559540 
0.46500000 0.93377320 0.48840320 0.63364260 
0.47000000 0.92942570 0.48440710 0.63168780 
0.47500000 0.92503990 0.48050330 0.62973050 
0.48000000 0.92061590 0.47668880 0.62777040 
0.48500000 0.91615380 0.47296100 0.62580680 
0.49000000 0.91165360 0.46931710 0.62383940 
0.49500000 0.90711480 0.46575440 0.62186750 
0.50000000 0.90253630 0.46227080 0.61989070 
0.50500000 0.89791820 0.45886400 0.61790850 
0.51000000 0.89326100 0.45553130 0.61592040 
0.51500000 0.88856260 0.45227130 0.61392580 
0.52000000 0.88382330 0.44908140 0.61192420 
0.52500000 0.87904460 0.44595930 0.60991510 
0.53000000 0.87422430 0.44290370 0.60789790 
0.53500000 0.86936240 0.43991240 0.60587220 
0.54000000 0.86445920 0.43698360 0.60383740 
0.54500000 0.85951270 0.43411590 0.60179280 
0.55000000 0.85452420 0.43130740 0.59973790 
0.55500000 0.84949180 0.42855670 0.59767220 
0.56000000 0.84441690 0.42586180 0.59559500 
0.56500000 0.83929780 0.42322160 0.59350570 
0.57000000 0.83413410 0.42063470 0.59140360 
0.57500000 0.82892540 0.41809970 0.58928820 
0.58000000 0.82367140 0.41561510 0.58715870 
0.58500000 0.81837210 0.41317960 0.58501450 
0.59000000 0.81302640 0.41079210 0.58285480 
0.59500000 0.80763390 0.40845130 0.58067900 
0.60000000 0.80219360 0.40615620 0.57848630 
0.60500000 0.79670500 0.40390570 0.57627580 
0.61000000 0.79117010 0.40169790 0.57404690 
0.61500000 0.78558390 0.39953310 0.57179870 
0.62000000 0.77994920 0.39740940 0.56953040 
0.62500000 0.77426400 0.39532600 0.56724110 
0.63000000 0.76852770 0.39328210 0.56492990 
0.63500000 0.76274030 0.39127640 0.56259580 
0.64000000 0.75690040 0.38930850 0.56023780 
0.64500000 0.75100770 0.38737710 0.55785500 
0.65000000 0.74506130 0.38548160 0.55544610 
0.65500000 0.73906080 0.38362110 0.55301030 
0.66000000 0.73300420 0.38179500 0.55054620 
0.66500000 0.72689270 0.38000210 0.54805280 
0.67000000 0.72072350 0.37824220 0.54552870 
0.67500000 0.71449730 0.37651410 0.54297250 
0.68000000 0.70821190 0.37481750 0.54038300 
0.68500000 0.70186770 0.37315130 0.53775880 
0.69000000 0.69546280 0.37151520 0.53509820 
0.69500000 0.68899550 0.36990870 0.53239970 
0.70000000 0.68246740 0.36833040 0.52966170 
0.70500000 0.67587470 0.36678060 0.52688230 
0.71000000 0.66921790 0.36525800 0.52405970 
0.71500000 0.66249440 0.36376260 0.52119200 
0.72000000 0.65570430 0.36229350 0.51827710 
0.72500000 0.64884600 0.36085030 0.51531280 
0.73000000 0.64191850 0.35943230 0.51229680 
0.73500000 0.63491890 0.35803930 0.50922670 
0.74000000 0.62784750 0.35667040 0.50609980 
0.74500000 0.62070160 0.35532560 0.50291350 
0.75000000 0.61348100 0.35400400 0.49966470 
0.75500000 0.60618230 0.35270540 0.49635050 
0.76000000 0.59880500 0.35142930 0.49296730 
0.76500000 0.59134740 0.35017510 0.48951170 
0.77000000 0.58380690 0.34894270 0.48597990 
0.77500000 0.57618200 0.34773130 0.48236780 
0.78000000 0.56846990 0.34654090 0.47867100 
0.78500000 0.56066900 0.34537090 0.47488490 
0.79000000 0.55277810 0.34422070 0.47100420 
0.79500000 0.54479240 0.34309040 0.46702370 
0.80000000 0.53671090 0.34197940 0.46293740 
0.80500000 0.52853040 0.34088720 0.45873890 
0.81000000 0.52024750 0.33981380 0.45442120 
0.81500000 0.51185990 0.33875860 0.44997680 
0.82000000 0.50336520 0.33772130 0.44539750 
0.82500000 0.49475800 0.33670170 0.44067420 
0.83000000 0.48603490 0.33569950 0.43579720 
0.83500000 0.47719420 0.33471410 0.43075560 
0.84000000 0.46822950 0.33374550 0.42553740 
0.84500000 0.45913620 0.33279340 0.42012950 
0.85000000 0.44991000 0.33185750 0.41451730 
0.85500000 0.44054710 0.33093730 0.40868460 
0.86000000 0.43103900 0.33003280 0.40261310 
0.86500000 0.42138240 0.32914360 0.39628260 
0.87000000 0.41156780 0.32826970 0.38967020 
0.87500000 0.40159100 0.32741030 0.38275010 
0.88000000 0.39144120 0.32656580 0.37549290 
0.88500000 0.38111280 0.32573540 0.36786510 
0.89000000 0.37059390 0.32491930 0.35982820 
0.89500000 0.35987440 0.32411710 0.35133800 
0.90000000 0.34894350 0.32332850 0.34234260 
0.90500000 0.33778800 0.32255320 0.33278180 
0.91000000 0.32639270 0.32179130 0.32258410 
0.91500000 0.31474220 0.32104220 0.31166460 
0.92000000 0.30281670 0.32030600 0.29992120 
0.92500000 0.29059600 0.31958230 0.28722970 
0.93000000 0.27805440 0.31887090 0.27343700 
0.93500000 0.26516480 0.31817140 0.25835290 
0.94000000 0.25189130 0.31748390 0.24173520 
0.94500000 0.23819600 0.31680780 0.22327120 
0.95000000 0.22402910 0.31614290 0.20254830 
0.95500000 0.20933150 0.31548890 0.17900740 
0.96000000 0.19402820 0.31484510 0.15186680 
0.96500000 0.17802360 0.31421070 0.11999200 
0.97000000 0.16118900 0.31358470 0.08165371
0.97500000 0.14335170 0.31296520 0.03404593
0.98000000 0.12425970 0.31234820 -0.02779210
0.98500000 0.10353220 0.31172500 -0.11378730 
0.98999990 0.08057062 0.31106790 -0.24807060 
0.99500000 0.05495139 0.31057610 -0.51100660 