             0              0              0              0              0              0              0              0              0              0              0              0              0              0              0              0              0              0              0              0              0              0              0              0              0              0              0              0              0              0              0
             0              0              0              0              0              0              0              0              0              0              0              0              0              0              0              0              0              0              0              0              0              0              0              0              0              0              0              0              0              0              0
             0              0              0              0              0              0              0              0              0              0              0              0              0              0              0              0              0              0              0              0              0              0              0              0              0              0              0              0              0              0              0
             0              0              0              0              0              0              0              0              0              0              0              0              0              0              0              0              0              0              0              0              0              0              0              0              0              0              0              0              0              0              0
             0              0              0              0              0              0              0              0              0              0              0              0              0              0              0              0              0              0              0              0              0              0              0              0              0              0              0              0              0              0              0
             0              0              0              0              0              0              0              0              0              0              0              0              0              0              0              0              0              0              0              0              0              0              0              0              0              0              0              0              0              0              0
             0              0              0              0              0              0              0              0              0              0              0              0              0              0              0              0              0              0              0              0              0              0              0              0              0              0              0              0              0              0              0
             0              0              0              0              0              0              0              0              0              0              0              0              0              0              0              0              0              0              0              0              0              0              0              0              0              0              0              0              0              0              0
             0              0              0              0              0              0              0              0              0              0              0              0              0              0              0              0              0              0              0              0              0              0              0              0              0              0              0              0              0              0              0
             0              0              0              0              0              0              0              0              0              0              0              0              0              0              0              0              0              0              0              0              0              0              0              0              0              0              0              0              0              0              0
             0              0              0              0              0              0              0              0              0              0              0              0              0              0              0              0              0              0              0              0              0              0              0              0              0              0              0              0              0              0              0
             0              0              0              0              0              0              0              0              0              0              0              0              0              0              0              0              0              0              0              0              0              0              0              0              0              0              0              0              0              0              0
             0              0              0              0              0              0              0              0              0              0              0              0              0              0              0              0              0              0              0              0              0              0              0              0              0              0              0              0              0              0              0
             0              0              0              0              0              0              0              0              0              0              0              0              0              0              0              0              0              0              0              0              0              0              0              0              0              0              0              0              0              0              0
             0              0              0              0              0              0              0              0              0              0              0              0              0              0              0              0              0              0              0              0              0              0              0              0              0              0              0              0              0              0              0
             0              0              0              0              0              0              0              0              0              0              0              0              0              0              0              0              0              0              0              0              0              0              0              0              0              0              0              0              0              0              0
             0              0              0              0              0              0              0              0              0              0              0              0              0              0              0              0              0              0              0              0              0              0              0              0              0              0              0              0              0              0              0
             0              0              0              0              0              0              0              0              0              0              0              0              0              0              0              0              0              0              0              0              0              0              0              0              0              0              0              0              0              0              0
             0              0              0              0              0              0              0              0              0              0              0              0              0              0              0              0              0              0              0              0              0              0              0              0              0              0              0              0              0              0              0
             0              0              0              0              0              0              0              0              0              0              0              0              0              0              0              0              0              0              0              0              0              0              0              0              0              0              0              0              0              0              0
             0              0              0              0              0              0              0              0              0              0              0              0              0              0              0              0              0              0              0              0              0              0              0              0              0              0              0              0              0              0              0
             0              0              0              0              0              0              0              0              0              0              0              0              0              0              0              0              0              0              0              0              0              0              0              0              0              0              0              0              0              0              0
             0              0              0              0              0              0              0              0              0              0              0              0              0              0              0              0              0              0              0              0              0              0              0              0              0              0              0              0              0              0              0
             0              0              0              0              0              0              0              0              0              0              0              0              0              0              0              0              0              0              0              0              0              0              0              0              0              0              0              0              0              0              0
             0              0              0              0              0              0              0              0              0              0              0              0              0              0              0              0              0              0              0              0              0              0              0              0              0              0              0              0              0              0              0
             0              0              0              0              0              0              0              0              0              0              0              0              0              0              0              0              0              0              0              0              0              0              0              0              0              0              0              0              0              0              0
      0.713607       0.616666      0.0962704              0              0              0              0              0              0              0              0              0              0              0              0              0              0              0              0              0              0              0              0              0              0              0              0              0              0              0              0
       1.19126        1.11377       0.862985       0.385021              0              0              0              0              0              0              0              0              0              0              0              0              0              0              0              0              0              0              0              0              0              0              0              0              0              0              0
       1.53378        1.45859        1.24316       0.862984      0.0962704              0              0              0              0              0              0              0              0              0              0              0              0              0              0              0              0              0              0              0              0              0              0              0              0              0              0
       1.77152         1.6786         1.4586        1.11377       0.616661              0              0              0              0              0              0              0              0              0              0              0              0              0              0              0              0              0              0              0              0              0              0              0              0              0              0
       1.91377        1.77155        1.53381        1.19129       0.713631              0              0              0              0              0              0              0              0              0              0              0              0              0              0              0              0              0              0              0              0              0              0              0              0              0              0
       1.77152         1.6786         1.4586        1.11377       0.616661              0              0              0              0              0              0              0              0              0              0              0              0              0              0              0              0              0              0              0              0              0              0              0              0              0              0
       1.53378        1.45859        1.24316       0.862984      0.0962704              0              0              0              0              0              0              0              0              0              0              0              0              0              0              0              0              0              0              0              0              0              0              0              0              0              0
       1.19126        1.11376       0.862985       0.385021              0              0              0              0              0              0              0              0              0              0              0              0              0              0              0              0              0              0              0              0              0              0              0              0              0              0              0
      0.713607       0.616665      0.0962704              0              0              0              0              0              0              0              0              0              0              0              0              0              0              0              0              0              0              0              0              0              0              0              0              0              0              0              0
             0              0              0              0              0              0              0              0              0              0              0              0              0              0              0              0              0              0              0              0              0              0              0              0              0              0              0              0              0              0              0
             0              0              0              0              0              0              0              0              0              0              0              0              0              0              0              0              0              0              0              0              0              0              0              0              0              0              0              0              0              0              0
             0              0              0              0              0              0              0              0              0              0              0              0              0              0              0              0              0              0              0              0              0              0              0              0              0              0              0              0              0              0              0
             0              0              0              0              0              0              0              0              0              0              0              0              0              0              0              0              0              0              0              0              0              0              0              0              0              0              0              0              0              0              0
             0              0              0              0              0              0              0              0              0              0              0              0              0              0              0              0              0              0              0              0              0              0              0              0              0              0              0              0              0              0              0
             0              0              0              0              0              0              0              0              0              0              0              0              0              0              0              0              0              0              0              0              0              0              0              0              0              0              0              0              0              0              0
             0              0              0              0              0              0              0              0              0              0              0              0              0              0              0              0              0              0              0              0              0              0              0              0              0              0              0              0              0              0              0
             0              0              0              0              0              0              0              0              0              0              0              0              0              0              0              0              0              0              0              0              0              0              0              0              0              0              0              0              0              0              0
             0              0              0              0              0              0              0              0              0              0              0              0              0              0              0              0              0              0              0              0              0              0              0              0              0              0              0              0              0              0              0
             0              0              0              0              0              0              0              0              0              0              0              0              0              0              0              0              0              0              0              0              0              0              0              0              0              0              0              0              0              0              0
             0              0              0              0              0              0              0              0              0              0              0              0              0              0              0              0              0              0              0              0              0              0              0              0              0              0              0              0              0              0              0
             0              0              0              0              0              0              0              0              0              0              0              0              0              0              0              0              0              0              0              0              0              0              0              0              0              0              0              0              0              0              0
             0              0              0              0              0              0              0              0              0              0              0              0              0              0              0              0              0              0              0              0              0              0              0              0              0              0              0              0              0              0              0
             0              0              0              0              0              0              0              0              0              0              0              0              0              0              0              0              0              0              0              0              0              0              0              0              0              0              0              0              0              0              0
             0              0              0              0              0              0              0              0              0              0              0              0              0              0              0              0              0              0              0              0              0              0              0              0              0              0              0              0              0              0              0
             0              0              0              0              0              0              0              0              0              0              0              0              0              0              0              0              0              0              0              0              0              0              0              0              0              0              0              0              0              0              0
             0              0              0              0              0              0              0              0              0              0              0              0              0              0              0              0              0              0              0              0              0              0              0              0              0              0              0              0              0              0              0
             0              0              0              0              0              0              0              0              0              0              0              0              0              0              0              0              0              0              0              0              0              0              0              0              0              0              0              0              0              0              0
             0              0              0              0              0              0              0              0              0              0              0              0              0              0              0              0              0              0              0              0              0              0              0              0              0              0              0              0              0              0              0
             0              0              0              0              0              0              0              0              0              0              0              0              0              0              0              0              0              0              0              0              0              0              0              0              0              0              0              0              0              0              0
             0              0              0              0              0              0              0              0              0              0              0              0              0              0              0              0              0              0              0              0              0              0              0              0              0              0              0              0              0              0              0
             0              0              0              0              0              0              0              0              0              0              0              0              0              0              0              0              0              0              0              0              0              0              0              0              0              0              0              0              0              0              0
             0              0              0              0              0              0              0              0              0              0              0              0              0              0              0              0              0              0              0              0              0              0              0              0              0              0              0              0              0              0              0
             0              0              0              0              0              0              0              0              0              0              0              0              0              0              0              0              0              0              0              0              0              0              0              0              0              0              0              0              0              0              0
             0              0              0              0              0              0              0              0              0              0              0              0              0              0              0              0              0              0              0              0              0              0              0              0              0              0              0              0              0              0              0
             0              0              0              0              0              0              0              0              0              0              0              0              0              0              0              0              0              0              0              0              0              0              0              0              0              0              0              0              0              0              0
